Fecha	Gas93_ICB	Gas93_Var	Gas97_VAR	Gas97_VAR2	Diesel_ICB	Diesel_VAR	GLP_ICB	GLP_VAR	GNC_ICB	GNC_VAR
24-02-2011	6	0	6	0	1,5	0	1,4	0	1,93	0
03-03-2011	6	0	6	0	1,5	0	1,4	0	1,93	0
10-03-2011	6	0	6	0	1,5	0	1,4	0	1,93	0
17-03-2011	6	-0,6406	6	-0,6406	1,5	-0,6261	1,4	0	1,93	0
24-03-2011	6	-0,6876	6	-0,6876	1,5	-0,6832	1,4	0	1,93	0
31-03-2011	6	-0,4879	6	-0,4879	1,5	-0,5418	1,4	0	1,93	0
07-04-2011	6	-0,6415	6	-0,6415	1,5	-0,4289	1,4	0	0	0
14-04-2011	6	-1,0534	6	-1,0534	1,5	-0,5382	1,4	0	1,93	0
21-04-2011	6	-1,3279	6	-1,3279	1,5	-0,7766	1,4	0	1,93	0
28-04-2011	6	-1,2225	6	-1,2225	1,5	-0,4411	1,4	0	1,93	0
05-05-2011	6	-1,2699	6	-1,2699	1,5	-0,2844	1,4	0	1,93	0
12-05-2011	6	-1,4342	6	-1,4342	1,5	-0,1948	1,4	0	1,93	0
19-05-2011	6	-1,3173	6	-1,3173	1,5	0	1,4	0	1,93	0
26-05-2011	6	-0,5645	6	-0,5645	1,5	0	1,4	0	1,93	0
02-06-2011	6	0	6	0	1,5	0	1,4	0	1,93	0
09-06-2011	6	0	6	0	1,5	0	1,4	0	1,93	0
16-06-2011	6	0	6	0	1,5	0	1,4	0	1,93	0
23-06-2011	6	0	6	0	1,5	0	1,4	0	1,93	0
30-06-2011	6	0	6	0	1,5	0	1,4	0	1,93	0
07-07-2011	6	0	6	0	1,5	0	1,4	0	1,93	0
14-07-2011	6	0	6	0	1,5	0	1,4	0	1,93	0
21-07-2011	6	0	6	0	1,5	0	1,4	0	1,93	0
28-07-2011	6	0	6	0	1,5	0	1,4	0	1,93	0
04-08-2011	6	0	6	0	1,5	0	1,4	0	1,93	0
11-08-2011	6	0	6	0	1,5	0	1,4	0	1,93	0
18-08-2011	6	0	6	0	1,5	0	1,4	0	1,93	0
25-08-2011	6	0	6	0	1,5	0	1,4	0	1,93	0
01-09-2011	6	0	6	0	1,5	0	1,4	0	1,93	0
08-09-2011	6	0	6	0	1,5	0	1,4	0	1,93	0
15-09-2011	6	0	6	0	1,5	0	1,4	0	1,93	0
22-09-2011	6	0	6	0	1,5	0	1,4	0	1,93	0
29-09-2011	6	0	6	0	1,5	0	1,4	0	1,93	0
06-10-2011	6	0	6	0	1,5	0	1,4	0	1,93	0
13-10-2011	6	0	6	0	1,5	0	1,4	0	1,93	0
20-10-2011	6	0	6	0	1,5	0	1,4	0	1,93	0
27-10-2011	6	0	6	0	1,5	0	1,4	0	1,93	0
03-11-2011	6	0	6	0	1,5	0	1,4	0	1,93	0
10-11-2011	6	0	6	0	1,5	0	1,4	0	1,93	0
17-11-2011	6	0	6	0	1,5	0	1,4	0	1,93	0
24-11-2011	6	0	6	0	1,5	0	1,4	0	1,93	0
01-12-2011	6	0	6	0	1,5	0	1,4	0	1,93	0
08-12-2011	6	0	6	0	1,5	0	1,4	0	1,93	0
15-12-2011	6	0	6	0	1,5	0	1,4	0	1,93	0
22-12-2011	6	0	6	0	1,5	0	1,4	0	1,93	0
29-12-2011	6	0	6	0	1,5	0	1,4	0	1,93	0
05-01-2012	6	0	6	0	1,5	0	1,4	0	1,93	0
12-01-2012	6	0	6	0	1,5	0	1,4	0	1,93	0
19-01-2012	6	0	6	0	1,5	0	1,4	0	1,93	0
26-01-2012	6	0	6	0	1,5	0	1,4	0	1,93	0
02-02-2012	6	0	6	0	1,5	0	1,4	0	1,93	0
09-02-2012	6	0	6	0	1,5	0	1,4	0	1,93	0
16-02-2012	6	0	6	0	1,5	0	1,4	0	1,93	0
23-02-2012	6	-0,3204	6	-0,3204	1,5	0	1,4	0	1,93	0
01-03-2012	6	-0,3719	6	-0,3719	1,5	0	1,4	0	1,93	0
08-03-2012	6	-0,4187	6	-0,4187	1,5	0	1,4	0	1,93	0
15-03-2012	6	-0,376	6	-0,376	1,5	0	1,4	0	1,93	0
22-03-2012	6	-0,4423	6	-0,4423	1,5	0	1,4	-0,0668	1,93	-0,1015
29-03-2012	6	-0,5372	6	-0,5372	1,5	0	1,4	-0,1205	1,93	-0,1831
05-04-2012	6	-0,8745	6	-0,8745	1,5	0	1,4	-0,1072	1,93	-0,1629
12-04-2012	6	-0,8922	6	-0,8922	1,5	0	1,4	-0,0712	1,93	-0,1082
19-04-2012	6	-0,4354	6	-0,4354	1,5	0	1,4	0	1,93	0
26-04-2012	6	-0,259	6	-0,259	1,5	0	1,4	0	1,93	0
03-05-2012	6	0	6	0	1,5	0	1,4	0	0	0
10-05-2012	6	0	6	0	1,5	0	1,4	0	1,93	0
17-05-2012	6	0	6	0	1,5	0	1,4	0	1,93	0
24-05-2012	6	0	6	0	1,5	0	1,4	0	1,93	0
31-05-2012	6	0	6	0	1,5	0	1,4	0	1,93	0
07-06-2012	6	0	6	0	1,5	0	1,4	0,2394	1,93	0,3638
14-06-2012	6	0	6	0	1,5	0	1,4	0	1,93	0
21-06-2012	6	0	6	0	1,5	0	1,4	0	1,93	0
28-06-2012	6	0	6	0	1,5	0	1,4	0	1,93	0
05-07-2012	6	0	6	0	1,5	0	1,4	0	1,93	0
12-07-2012	6	0	6	0	1,5	0	1,4	0	1,93	0
19-07-2012	6	0	6	0	1,5	0	1,4	0	1,93	0
26-07-2012	6	0	6	0	1,5	0	1,4	0	1,93	0
02-08-2012	6	0	6	0	1,5	0	1,4	0	1,93	0
09-08-2012	6	0	6	0	1,5	0	1,4	0	1,93	0
16-08-2012	6	0	6	0	1,5	0	1,4	0	1,93	0
23-08-2012	6	0	6	0	1,5	0	1,4	0	1,93	0
30-08-2012	6	0	6	0	1,5	0	1,4	0	1,93	0
06-09-2012	6	-0,1621	6	-0,1621	1,5	0	1,4	0	1,93	0
13-09-2012	6	-0,5769	6	-0,5769	1,5	-0,3536	1,4	0	1,93	0
20-09-2012	6	-0,5303	6	-0,5303	1,5	-0,2667	1,4	0	1,93	0
27-09-2012	6	-0,2306	6	-0,2306	1,5	-0,0714	1,4	0	1,93	0
04-10-2012	6	0	6	0	1,5	0	1,4	0	1,93	0
11-10-2012	6	0	6	0	1,5	0	1,4	0	1,93	0
18-10-2012	6	-0,1309	6	-0,1309	1,5	-0,0548	1,4	0	1,93	0
25-10-2012	6	0	6	0	1,5	0	1,4	0	1,93	0
01-11-2012	6	0	6	0	1,5	0	1,4	0	1,93	0
08-11-2012	6	0	6	0	1,5	0	1,4	0	1,93	0
15-11-2012	6	0	6	0	1,5	0	1,4	0	1,93	0
22-11-2012	6	0	6	0	1,5	0	1,4	0	1,93	0
29-11-2012	6	0	6	0	1,5	0	1,4	0	1,93	0
06-12-2012	6	0	6	0	1,5	0	1,4	0	1,93	0
13-12-2012	6	0	6	0	1,5	0	1,4	0	1,93	0
20-12-2012	6	0,1221	6	0,1221	1,5	0	1,4	0,0405	1,93	0,0616
27-12-2012	6	0,2421	6	0,2421	1,5	0	1,4	0,0757	1,93	0,1151
03-01-2013	6	0	6	0	1,5	0	1,4	0	1,93	0
10-01-2013	6	0	6	0	1,5	0	1,4	0	1,93	0
17-01-2013	6	0	6	0	1,5	0	1,4	0	1,93	0
24-01-2013	6	0	6	0	1,5	0	1,4	0	1,93	0
31-01-2013	6	0	6	0	1,5	0	1,4	0	1,93	0
07-02-2013	6	0	6	0	1,5	0	1,4	0	1,93	0
14-02-2013	6	0	6	0	1,5	0	1,4	0	1,93	0
21-02-2013	6	0	6	0	1,5	0	1,4	0	1,93	0
28-02-2013	6	-0,3495	6	-0,3495	1,5	0	1,4	0	1,93	0
07-03-2013	6	-0,3313	6	-0,3313	1,5	0	1,4	0	1,93	0
14-03-2013	6	0	6	0	1,5	0	1,4	0	1,93	0
21-03-2013	6	0	6	0	1,5	0	1,4	0	1,93	0
28-03-2013	6	0	6	0	1,5	0	1,4	0	1,93	0
04-04-2013	6	0	6	0	1,5	0	1,4	0	1,93	0
11-04-2013	6	0	6	0	1,5	0	1,4	0	1,93	0
18-04-2013	6	0	6	0	1,5	0	1,4	0	1,93	0
25-04-2013	6	0	6	0	1,5	0	1,4	0	1,93	0
02-05-2013	6	0	6	0	1,5	0	1,4	0	1,93	0
09-05-2013	6	0	6	0	1,5	0	1,4	0	1,93	0
16-05-2013	6	0	6	0	1,5	0	1,4	0	1,93	0
23-05-2013	6	0	6	0	1,5	0	1,4	0	1,93	0
30-05-2013	6	0	6	0	1,5	0	1,4	0	1,93	0
06-06-2013	6	0	6	0	1,5	0	1,4	0	1,93	0
13-06-2013	6	0	6	0	1,5	0	1,4	0	1,93	0
20-06-2013	6	0	6	0	1,5	0	1,4	0	1,93	0
27-06-2013	6	0	6	0	1,5	0	1,4	0	1,93	0
04-07-2013	6	0	6	0	1,5	0	1,4	0	1,93	0
11-07-2013	6	0	6	0	1,5	0	1,4	0	1,93	0
18-07-2013	6	0	6	0	1,5	0	1,4	0	1,93	0
25-07-2013	6	-0,4953	6	-0,4953	1,5	0	1,4	0	1,93	0
01-08-2013	6	-0,1739	6	-0,1739	1,5	0	1,4	0	1,93	0
08-08-2013	6	0	6	0	1,5	0	1,4	-0,0849	1,93	-0,129
15-08-2013	6	0	6	0	1,5	0	1,4	-0,0842	1,93	-0,1279
22-08-2013	6	0	6	0	1,5	0	1,4	0	1,93	0
29-08-2013	6	-0,0898	6	-0,0898	1,5	0	1,4	0	1,93	0
05-09-2013	6	-0,1075	6	-0,1075	1,5	0	1,4	0	1,93	0
12-09-2013	6	0	6	0	1,5	0	1,4	0	1,93	0
19-09-2013	6	0	6	0	1,5	0	1,4	-0,0006	1,93	-0,0009
26-09-2013	6	0	6	0	1,5	0	1,4	0	1,93	0
03-10-2013	6	0	6	0	1,5	0	1,4	0	1,93	0
10-10-2013	6	0	6	0	1,5	0	1,4	0	1,93	0
17-10-2013	6	0	6	0	1,5	0	1,4	0	1,93	0
24-10-2013	6	0	6	0	1,5	0	1,4	0	1,93	0
31-10-2013	6	0	6	0	1,5	0	1,4	0	1,93	0
07-11-2013	6	0	6	0	1,5	0	1,4	0	1,93	0
14-11-2013	6	0	6	0	1,5	0	1,4	0	1,93	0
21-11-2013	6	0	6	0	1,5	0	1,4	0	1,93	0
28-11-2013	6	0	6	0	1,5	0	1,4	0	1,93	0
05-12-2013	6	0	6	0	1,5	0	1,4	0	1,93	0
12-12-2013	6	0	6	0	1,5	0	1,4	0	1,93	0
19-12-2013	6	0	6	0	1,5	0	1,4	0	1,93	0
26-12-2013	6	0	6	0	1,5	0	1,4	0	1,93	0
16-01-2014	6	0	6	0	1,5	0	1,4	0	1,93	0
23-01-2014	6	0	6	0	1,5	0	1,4	0	1,93	0
30-01-2014	6	0	6	0	1,5	0	1,4	0	1,93	0
06-02-2014	6	0	6	0	1,5	0	1,4	0	1,93	0
13-02-2014	6	0	6	0	1,5	0	1,4	0	1,93	0
20-02-2014	6	0	6	0	1,5	0	1,4	0	1,93	0
27-02-2014	6	0	6	0	1,5	0	1,4	0	1,93	0
06-03-2014	6	0	6	0	1,5	0	1,4	0	1,93	0
13-03-2014	6	0	6	0	1,5	0	1,4	0	1,93	0
20-03-2014	6	0	6	0	1,5	0	1,4	0	1,93	0
27-03-2014	6	0	6	0	1,5	0	1,4	0	1,93	0
03-04-2014	6	0	6	0	1,5	0	1,4	0	1,93	0
10-04-2014	6	0	6	0	1,5	0	1,4	0	1,93	0
17-04-2014	6	-0,2593	6	-0,2593	1,5	0	1,4	0	1,93	0
24-04-2014	6	-0,3055	6	-0,3055	1,5	0	1,4	0	1,93	0
01-05-2014	6	-0,3981	6	-0,3981	1,5	0	1,4	0	1,93	0
08-05-2014	6	0	6	0	1,5	0	1,4	0	1,93	0
15-05-2014	6	0	6	0	1,5	0	1,4	0	1,93	0
22-05-2014	6	0	6	0	1,5	0	1,4	0	1,93	0
29-05-2014	6	0	6	0	1,5	0	1,4	0	1,93	0
05-06-2014	6	0	6	0	1,5	0	1,4	0	1,93	0
12-06-2014	6	0	6	0	1,5	0	1,4	0	1,93	0
19-06-2014	6	0	6	0	1,5	0	1,4	0	1,93	0
26-06-2014	6	0	6	0	1,5	0	1,4	0	1,93	0
03-07-2014	6	0	6	0	1,5	0	1,4	0	1,93	0
10-07-2014	6	0	6	0	1,5	0	1,4	0	1,93	0
17-07-2014	6	0	6	0	1,5	0	1,4	0	1,93	0
24-07-2014	6	0	6	0	1,5	0	1,4	0	1,93	0
31-07-2014	6	0	6	0	1,5	0	1,4	0	1,93	0
07-08-2014	6	0	6	0	1,5	-0,0624	1,4	0	1,93	0
14-08-2014	6	0	6	0	1,5	-0,0647	1,4	0,1524	1,93	0,2316
21-08-2014	6	0	6	0	1,5	0	1,4	0,1145	1,93	0,174
28-08-2014	6	-0,0553	6	-0,0553	1,5	0	1,4	0	1,93	0
04-09-2014	6	-0,1117	6	-0,1117	1,5	-0,0313	1,4	0	1,93	0
11-09-2014	6	0	6	0	1,5	0	1,4	0,0336	1,93	0,0511
18-09-2014	6	1,1353	6	1,1353	1,5	0,0478	1,4	-0,2444	1,93	-0,3714
25-09-2014	6	0,01	6	0,01	1,5	0,0573	1,4	-0,218	1,93	-0,3313
02-10-2014	6	-0,2029	6	-0,2029	1,5	0	1,4	-0,0403	1,93	-0,0612
09-10-2014	6	0	6	0	1,5	0,0355	1,4	0	1,93	0
16-10-2014	6	0,6224	6	0,6224	1,5	0,1605	1,4	0,1557	1,93	0,2366
23-10-2014	6	1,451	6	1,451	1,5	0,4331	1,4	0,4785	1,93	0,7271
30-10-2014	6	1,9467	6	1,9467	1,5	0,6507	1,4	0,7307	1,93	1,1103
06-11-2014	6	1,8909	6	1,8909	1,5	0,631	1,4	0,6568	1,93	0,998
13-11-2014	6	1,6095	6	1,6095	1,5	0,4328	1,4	0,5212	1,93	0,792
20-11-2014	6	0,4327	6	0,4327	1,5	0,3301	1,4	0,3705	1,93	0,563
27-11-2014	6	0,6329	6	0,6329	1,5	0,4432	1,4	0,4915	1,93	0,7468
04-12-2014	6	0,6602	6	0,6602	1,5	0,4355	1,4	0,3852	1,93	0,5853
11-12-2014	6	0,6898	6	0,711	1,5	0,6101	1,4	0,5372	1,93	0,8163
18-12-2014	6	0,7962	6	0,7737	1,5	0,8429	1,4	-0,1513	1,93	-0,2299
25-12-2014	6	0,8219	6	0,8277	1,5	0,8446	1,4	-0,3278	1,93	-0,4981
01-01-2015	6	0,7614	6	0,7522	1,5	0,8857	1,4	-0,5402	1,93	-0,8208
08-01-2015	6	0,6595	6	0,6179	1,5	0,7229	1,4	-0,6527	1,93	-0,9918
15-01-2015	6	0,4361	6	0,3704	1,5	0,3808	1,4	-0,8374	1,93	-1,2724
22-01-2015	6	0,2794	6	0,2944	1,5	0,2929	1,4	-1,0371	1,93	-1,5759
29-01-2015	6	0	6	0,2175	1,5	0,0926	1,4	-1,1845	1,93	-1,7998
05-02-2015	6	-0,0364	6	0,0791	1,5	0	1,4	-1,2289	1,93	-1,8673
12-02-2015	6	-0,374	6	-0,2893	1,5	-0,2672	1,4	-1,1728	1,93	-1,7821
19-02-2015	6	-0,6532	6	-0,5397	1,5	-0,6826	1,4	-1,2591	1,93	-1,9132
26-02-2015	6	-0,5937	6	-0,434	1,5	-0,7265	1,4	-1,0709	1,93	-1,6272
05-03-2015	6	-0,9135	6	-0,8029	1,5	-0,8125	1,4	-0,7916	1,93	-1,2028
12-03-2015	6	-1,1092	6	-1,0345	1,5	-0,7337	1,4	-0,7046	1,93	-1,0706
19-03-2015	6	-1,0597	6	-1,0216	1,5	-0,5645	1,4	-0,6307	1,93	-0,9583
26-03-2015	6	-0,7882	6	-0,6876	1,5	-0,0376	1,4	-0,1661	1,93	-0,2524
02-04-2015	6	-0,2557	6	-0,1394	1,5	0,1918	1,4	-0,1833	1,93	-0,2785
09-04-2015	6	-0,141	6	-0,1287	1,5	0,1031	1,4	-0,2603	1,93	-0,3955
16-04-2015	6	-0,0103	6	0,006	1,5	0,1395	1,4	-0,1902	1,93	-0,289
23-04-2015	6	-0,1859	6	-0,0015	1,5	-0,0465	1,4	-0,1167	1,93	-0,1773
30-04-2015	6	-0,4463	6	-0,3952	1,5	-0,2694	1,4	-0,0404	1,93	-0,0614
07-05-2015	6	-0,7029	6	-0,7793	1,5	-0,2908	1,4	0	1,93	0
14-05-2015	6	-0,8408	6	-0,8822	1,5	-0,4291	1,4	0,1991	1,93	0,3025
21-05-2015	6	-0,8643	6	-0,7584	1,5	-0,2956	1,4	0,3588	1,93	0,5452
28-05-2015	6	-0,9389	6	-0,9585	1,5	-0,1487	1,4	0,5155	1,93	0,7833
04-06-2015	6	-1,0461	6	-1,3796	1,5	-0,0132	1,4	0,4201	1,93	0,6383
11-06-2015	6	-1,2535	6	-1,7771	1,5	0	1,4	0,2396	1,93	0,3641
18-06-2015	6	-1,4178	6	-1,9224	1,5	0	1,4	0,2282	1,93	0,3467
25-06-2015	6	-1,4032	6	-1,991	1,5	0	1,4	0,1893	1,93	0,2876
02-07-2015	6	-1,1666	6	-1,8673	1,5	0	1,4	0,0422	1,93	0,0641
09-07-2015	6	-1,2148	6	-1,9295	1,5	0	1,4	0	1,93	0
16-07-2015	6	-1,4592	6	-2,2456	1,5	0	1,4	0	1,93	0
23-07-2015	6	-1,0232	6	-1,8338	1,5	0,1945	1,4	0	1,93	0
30-07-2015	6	-0,5736	6	-1,3973	1,5	0,1244	1,4	0,0878	1,93	0,1334
06-08-2015	6	-0,274	6	-0,9895	1,5	0,0733	1,4	0	1,93	0
13-08-2015	6	0	6	-0,5852	1,5	0,1267	1,4	0	1,93	0
20-08-2015	6	0	6	-0,2121	1,5	0,0684	1,4	0	1,93	0
27-08-2015	6	0	6	0,0506	1,5	0	1,4	0	1,93	0
03-09-2015	6	0,4033	6	0,721	1,5	0,1221	1,4	0,0328	1,93	0,0498
10-09-2015	6	0,9521	6	1,2059	1,5	0	1,4	0	1,93	0
17-09-2015	6	1	6	1,0467	1,5	-0,1244	1,4	-0,1838	1,93	-0,2793
24-09-2015	6	1,2472	6	1,3148	1,5	0,1799	1,4	-0,064	1,93	-0,0972
01-10-2015	6	0,7735	6	0,8833	1,5	0,0166	1,4	-0,169	1,93	-0,2568
08-10-2015	6	0,4625	6	0,5452	1,5	0	1,4	0	1,93	0
15-10-2015	6	0,5273	6	0,556	1,5	0	1,4	0	1,93	0
22-10-2015	6	0,7747	6	0,805	1,5	-0,0387	1,4	0	1,93	0
29-10-2015	6	0,9582	6	1,0759	1,5	0,0443	1,4	0,0601	1,93	0,0913
05-11-2015	6	0,7432	6	0,9641	1,5	0	1,4	0	1,93	0
12-11-2015	6	0,2807	6	0,1933	1,5	-0,0964	1,4	-0,0695	1,93	-0,1056
19-11-2015	6	0,1261	6	0	1,5	-0,0553	1,4	-0,1343	1,93	-0,2041
26-11-2015	6	0,4669	6	0,5624	1,5	0,0778	1,4	0	1,93	0
03-12-2015	6	0,326	6	0,4441	1,5	0,0376	1,4	0	1,93	0
10-12-2015	6	0,1179	6	0,2824	1,5	0,1596	1,4	0	1,93	0
17-12-2015	6	0,0787	6	0,2784	1,5	0,509	1,4	0	1,93	0
24-12-2015	6	0,0283	6	0,2892	1,5	0,7229	1,4	0,224	1,93	0,3404
31-12-2015	6	0,0903	6	0,3713	1,5	0,6007	1,4	0,434	1,93	0,6595
07-01-2016	6	0	6	0,0487	1,5	0,2948	1,4	0,1973	1,93	0,2998
14-01-2016	6	0	6	0	1,5	0,1808	1,4	0	1,93	0
21-01-2016	6	0,2184	6	0,2151	1,5	0,3257	1,4	0,0571	1,93	0,0868
28-01-2016	6	0,4702	6	0,608	1,5	0,6031	1,4	0,1795	1,93	0,2728
04-02-2016	6	0,4123	6	0,3884	1,5	0,4683	1,4	0,0638	1,93	0,0969
11-02-2016	6	0,5011	6	0,1683	1,5	0,0877	1,4	0	1,93	0
18-02-2016	6	0,6592	6	0,4968	1,5	0	1,4	0	1,93	0
25-02-2016	6	0,7558	6	0,9172	1,5	0,0267	1,4	0	1,93	0
03-03-2016	6	0,4732	6	0,7137	1,5	0	1,4	0	1,93	0
10-03-2016	6	0,2117	6	0,5113	1,5	-0,0333	1,4	0	1,93	0
17-03-2016	6	-0,0176	6	0,0584	1,5	-0,2716	1,4	-0,0804	1,93	-0,1222
24-03-2016	6	-0,335	6	-0,1943	1,5	-0,2989	1,4	0	1,93	0
31-03-2016	6	-0,4904	6	-0,3952	1,5	-0,0922	1,4	0	1,93	0
07-04-2016	6	-0,2301	6	-0,3979	1,5	0	1,4	0,0291	1,93	0,0442
14-04-2016	6	0	6	-0,1134	1,5	0,0494	1,4	0	1,93	0
21-04-2016	6	-0,0238	6	-0,0069	1,5	-0,0591	1,4	0	1,93	0
28-04-2016	6	0	6	0	1,5	-0,2429	1,4	0	1,93	0
05-05-2016	6	-0,2078	6	-0,2168	1,5	-0,4212	1,4	0	1,93	0
12-05-2016	6	-0,1487	6	-0,2655	1,5	-0,3974	1,4	-0,047	1,93	-0,0714
19-05-2016	6	0	6	0	1,5	-0,4183	1,4	-0,1129	1,93	-0,1716
26-05-2016	6	-0,2306	6	-0,13	1,5	-0,7692	1,4	-0,1503	1,93	-0,2284
02-06-2016	6	-0,3045	6	-0,1757	1,5	-0,8768	1,4	-0,0791	1,93	-0,1202
09-06-2016	6	-0,3131	6	-0,1276	1,5	-0,7928	1,4	0,0008	1,93	0,0012
16-06-2016	6	-0,0707	6	0	1,5	-0,6555	1,4	0	1,93	0
23-06-2016	6	0	6	0	1,5	-0,6345	1,4	0	1,93	0
30-06-2016	6	0,0417	6	0,04	1,5	-0,2778	1,4	0	1,93	0
07-07-2016	6	0	6	0	1,5	-0,1131	1,4	0	1,93	0
14-07-2016	6	0,2535	6	0,2907	1,5	0	1,4	0,0809	1,93	0,1229
21-07-2016	6	0,4342	6	0,4351	1,5	0,1743	1,4	0,0984	1,93	0,1495
28-07-2016	6	0,4244	6	0,4046	1,5	0,2425	1,4	0	1,93	0
04-08-2016	6	0,2915	6	0,3226	1,5	0,2602	1,4	0,0005	1,93	0,0008
11-08-2016	6	0,0757	6	0,1448	1,5	0,4093	1,4	0	1,93	0
18-08-2016	6	0	6	0,0329	1,5	0,2194	1,4	0	1,93	0
25-08-2016	6	-0,1503	6	-0,1522	1,5	-0,1692	1,4	-0,0362	1,93	-0,055
01-09-2016	6	-0,8637	6	-0,8132	1,5	-0,5598	1,4	-0,0082	1,93	-0,0125
08-09-2016	6	-0,8297	6	-0,3447	1,5	-0,4014	1,4	0	1,93	0
15-09-2016	6	-0,2586	6	0	1,5	-0,0308	1,4	0	1,93	0
22-09-2016	6	-0,1896	6	-0,1107	1,5	0	1,4	0	1,93	0
29-09-2016	6	-0,0242	6	-0,0728	1,5	0	1,4	0	1,93	0
06-10-2016	6	-0,0106	6	-0,0908	1,5	-0,0095	1,4	0	1,93	0
13-10-2016	6	-0,1827	6	-0,2534	1,5	-0,2589	1,4	-0,1604	1,93	-0,2437
20-10-2016	6	-0,2682	6	-0,4277	1,5	-0,4126	1,4	-0,1887	1,93	-0,2867
27-10-2016	6	-0,1134	6	-0,3356	1,5	-0,2579	1,4	-0,0669	1,93	-0,1017
03-11-2016	6	0	6	-0,0474	1,5	0	1,4	0	1,93	0
10-11-2016	6	0,0486	6	0	1,5	0,0712	1,4	0	1,93	0
17-11-2016	6	0,2789	6	0,2693	1,5	0,2203	1,4	0	1,93	0
24-11-2016	6	0,2535	6	0,2413	1,5	0,0016	1,4	0	1,93	0
01-12-2016	6	0,0218	6	0,007	1,5	-0,0716	1,4	0	1,93	0
08-12-2016	6	-0,313	6	-0,291	1,5	-0,2533	1,4	-0,009	1,93	-0,0137
15-12-2016	6	-0,2867	6	-0,2553	1,5	-0,1212	1,4	0	1,93	0
22-12-2016	6	-0,3664	6	-0,3075	1,5	-0,1826	1,4	-0,1995	1,93	-0,3031
29-12-2016	6	-0,7686	6	-0,6173	1,5	-0,4439	1,4	-0,1042	1,93	-0,1583
05-01-2017	6	-0,7133	6	-0,4271	1,5	-0,464	1,4	0	1,93	0
12-01-2017	6	-0,6652	6	-0,4128	1,5	-0,2737	1,4	-0,0986	1,93	-0,1498
19-01-2017	6	-0,3296	6	-0,1254	1,5	0	1,4	0	1,93	0
26-01-2017	6	0	6	0	1,5	0,0725	1,4	0	1,93	0
02-02-2017	6	0,1978	6	0,2297	1,5	0,068	1,4	-0,0058	1,93	-0,0088
09-02-2017	6	0,2716	6	0,3872	1,5	0	1,4	-0,1579	1,93	-0,2399
16-02-2017	6	0,2496	6	0,3929	1,5	0	1,4	-0,1474	1,93	-0,224
23-02-2017	6	0,2587	6	0,3909	1,5	0	1,4	0	1,93	0
02-03-2017	6	0,0388	6	0,1754	1,5	0	1,4	0,0966	1,93	0,1468
09-03-2017	6	-0,0975	6	0	1,5	-0,064	1,4	0,1548	1,93	0,2352
16-03-2017	6	-0,0702	6	0	1,5	0	1,4	0,0493	1,93	0,0749
23-03-2017	6	0	6	0,0852	1,5	0,1557	1,4	0	1,93	0
30-03-2017	6	0,024	6	0,1384	1,5	0,2473	1,4	0	1,93	0
06-04-2017	6	0	6	0	1,5	0	1,4	0,4575	1,93	0,6952
13-04-2017	6	-0,1509	6	-0,1899	1,5	-0,0373	1,4	0,231	1,93	0,351
20-04-2017	6	-0,1498	6	-0,2202	1,5	-0,0921	1,4	0	1,93	0
27-04-2017	6	0	6	0	1,5	0	1,4	-0,027	1,93	-0,041
04-05-2017	6	0,0729	6	0,0623	1,5	0,0286	1,4	0	1,93	0
11-05-2017	6	0,2282	6	0,154	1,5	0,1416	1,4	0	1,93	0
18-05-2017	6	0,1348	6	0	1,5	0,1204	1,4	0	1,93	0
25-05-2017	6	0	6	-0,1154	1,5	0	1,4	0	1,93	0
01-06-2017	6	-0,075	6	-0,1346	1,5	-0,0798	1,4	0	1,93	0
08-06-2017	6	0	6	0	1,5	0	1,4	0	1,93	0
15-06-2017	6	0,202	6	0,2969	1,5	0,2771	1,4	0,1067	1,93	0,1621
22-06-2017	6	0,4365	6	0,6109	1,5	0,3919	1,4	0,0552	1,93	0,0839
29-06-2017	6	0,4649	6	0,683	1,5	0,3588	1,4	0	1,93	0
06-07-2017	6	0,2832	6	0,5113	1,5	0,187	1,4	0	1,93	0
13-07-2017	6	0	6	0,2104	1,5	0	1,4	0	1,93	0
20-07-2017	6	-0,023	6	0	1,5	0	1,4	0	1,93	0
27-07-2017	6	0	6	0	1,5	0	1,4	0	1,93	0
03-08-2017	6	0	6	0	1,5	-0,0314	1,4	-0,056	1,93	-0,0851
10-08-2017	6	-0,1555	6	-0,2807	1,5	-0,1759	1,4	-0,1255	1,93	-0,1907
17-08-2017	6	-0,1497	6	-0,3108	1,5	-0,1377	1,4	-0,1009	1,93	-0,1533
24-08-2017	6	0	6	-0,0006	1,5	0	1,4	0	1,93	0
31-08-2017	6	0	6	0,0056	1,5	0	1,4	0	1,93	0
07-09-2017	6	-0,4999	6	-0,6155	1,5	-0,0377	1,4	0	1,93	0
14-09-2017	6	-0,8913	6	-1,618	1,5	-0,2384	1,4	-0,0027	1,93	-0,0041
21-09-2017	6	-0,5724	6	-1,5507	1,5	-0,2498	1,4	-0,0997	1,93	-0,1515
28-09-2017	6	0	6	-0,4608	1,5	0	1,4	-0,144	1,93	-0,2188
05-10-2017	6	0	6	-0,1248	1,5	-0,1304	1,4	-0,3354	1,93	-0,5096
12-10-2017	6	0,069	6	0,0745	1,5	0	1,4	-0,1621	1,93	-0,2463
19-10-2017	6	0,204	6	0,3827	1,5	0,1006	1,4	0	1,93	0
26-10-2017	6	0,0243	6	0,1967	1,5	0	1,4	-0,0055	1,93	-0,0084
02-11-2017	6	-0,2853	6	-0,3893	1,5	-0,0805	1,4	0	1,93	0
09-11-2017	6	-0,6331	6	-0,8029	1,5	-0,1597	1,4	0	1,93	0
16-11-2017	6	-0,7717	6	-0,7099	1,5	-0,2517	1,4	0	1,93	0
23-11-2017	6	-0,4825	6	-0,3662	1,5	-0,1993	1,4	0	1,93	0
30-11-2017	6	-0,1542	6	0	1,5	-0,112	1,4	0	1,93	0
07-12-2017	6	-0,2397	6	-0,063	1,5	-0,098	1,4	-0,0209	1,93	-0,0318
14-12-2017	6	-0,1547	6	-0,0113	1,5	-0,038	1,4	0	1,93	0
21-12-2017	6	0	6	0,0428	1,5	0	1,4	0,3156	1,93	0,4796
28-12-2017	6	0,1943	6	0,2959	1,5	0,1831	1,4	0,2598	1,93	0,3948
04-01-2018	6	0,0504	6	0,0711	1,5	0	1,4	0,1088	1,93	0,1653
11-01-2018	6	0	6	0	1,5	0	1,4	0,033	1,93	0,0501
18-01-2018	6	-0,0462	6	-0,0093	1,5	0	1,4	0,0688	1,93	0,1045
25-01-2018	6	-0,1001	6	-0,0437	1,5	0	1,4	0	1,93	0
01-02-2018	6	-0,1713	6	-0,1149	1,5	0	1,4	0,0358	1,93	0,0544
08-02-2018	6	-0,0589	6	-0,0469	1,5	0	1,4	0,0446	1,93	0,0678
15-02-2018	6	0,1013	6	0,0612	1,5	0,1644	1,4	0,0319	1,93	0,0485
22-02-2018	6	0,465	6	0,4997	1,5	0,4771	1,4	0	1,93	0
01-03-2018	6	0,4862	6	0,5596	1,5	0,3774	1,4	-0,0547	1,93	-0,0831
08-03-2018	6	0,2457	6	0,2758	1,5	0,1185	1,4	-0,2593	1,93	-0,394
15-03-2018	6	0,1044	6	0,2047	1,5	0	1,4	0	1,93	0
22-03-2018	6	0,0715	6	0,3112	1,5	0	1,4	0	1,93	0
29-03-2018	6	-0,1082	6	0	1,5	-0,1066	1,4	-0,0038	1,93	-0,0058
05-04-2018	6	-0,0051	6	-0,0324	1,5	-0,2076	1,4	0,3492	1,93	0,5306
12-04-2018	6	0	6	0	1,5	-0,1132	1,4	0,286	1,93	0,4346
19-04-2018	6	0	6	0	1,5	-0,0635	1,4	0,2289	1,93	0,3478
26-04-2018	6	-0,0705	6	0	1,5	-0,1026	1,4	0	1,93	0
03-05-2018	6	-0,2576	6	-0,2355	1,5	-0,2343	1,4	-0,0317	1,93	-0,0482
10-05-2018	6	-0,3942	6	-0,3719	1,5	-0,4262	1,4	-0,2801	1,93	-0,4256
17-05-2018	6	-0,5367	6	-0,4456	1,5	-0,6923	1,4	-0,1572	1,93	-0,2389
24-05-2018	6	-0,6015	6	-0,5403	1,5	-0,8086	1,4	-0,2511	1,93	-0,3815
31-05-2018	6	-0,6229	6	-0,6107	1,5	-0,7667	1,4	-0,0637	1,93	-0,0968
07-06-2018	6	-0,3993	6	-0,388	1,5	-0,5266	1,4	-0,0164	1,93	-0,0249
14-06-2018	6	-0,0305	6	-0,0554	1,5	-0,2002	1,4	0	1,93	0
21-06-2018	6	0	6	0	1,5	-0,0389	1,4	0	1,93	0
28-06-2018	6	0	6	0	1,5	0	1,4	0	1,93	0
05-07-2018	6	0	6	0	1,5	0	1,4	0	1,93	0
12-07-2018	6	-0,2499	6	-0,162	1,5	-0,1847	1,4	-0,1318	1,93	-0,2003
19-07-2018	6	-0,1899	6	-0,1133	1,5	-0,0558	1,4	-0,1511	1,93	-0,2296
26-07-2018	6	0	6	0	1,5	0	1,4	0	1,93	0
02-08-2018	6	0	6	0	1,5	0	1,4	0,0557	1,93	0,0846
09-08-2018	6	0	6	0	1,5	0	1,4	-0,0629	1,93	-0,0956
16-08-2018	6	0	6	0	1,5	0	1,4	-0,0941	1,93	-0,143
23-08-2018	6	-0,0078	6	0	1,5	-0,0538	1,4	-0,0499	1,93	-0,0758
30-08-2018	6	0	6	0	1,5	-0,019	1,4	0	1,93	0
06-09-2018	6	-0,111	6	-0,1109	1,5	-0,2492	1,4	-0,2981	1,93	-0,453
13-09-2018	6	-0,2943	6	-0,339	1,5	-0,5875	1,4	-0,4297	1,93	-0,6529
20-09-2018	6	-0,2646	6	-0,4872	1,5	-0,5143	1,4	-0,3344	1,93	-0,5081
27-09-2018	6	-0,0835	6	-0,3326	1,5	-0,2501	1,4	-0,0885	1,93	-0,1345
04-10-2018	6	0	6	-0,1735	1,5	-0,1282	1,4	0	1,93	0
11-10-2018	6	-0,2006	6	-0,4269	1,5	-0,3634	1,4	-0,1129	1,93	-0,1716
18-10-2018	6	-0,2332	6	-0,5662	1,5	-0,6328	1,4	0	1,93	0
25-10-2018	6	0,1469	6	0	1,5	-0,2639	1,4	0,0886	1,93	0,1346
01-11-2018	6	0,1674	6	0,0901	1,5	-0,1585	1,4	0,2785	1,93	0,4232
08-11-2018	6	0,2361	6	0,1628	1,5	0	1,4	0,4863	1,93	0,7389
15-11-2018	6	0,74	6	0,7038	1,5	0,304	1,4	0,5365	1,93	0,8152
22-11-2018	6	1,1162	6	1,013	1,5	0,5143	1,4	0,7495	1,93	1,1389
29-11-2018	6	1,4344	6	1,2656	1,5	0,9609	1,4	0,6681	1,93	1,0152
06-12-2018	6	1,656	6	1,6315	1,5	1,4167	1,4	0,7584	1,93	1,1524
13-12-2018	6	1,6075	6	1,5915	1,5	1,5153	1,4	0,589	1,93	0,895
20-12-2018	6	1,3934	6	1,3569	1,5	1,3427	1,4	0,4127	1,93	0,6271
27-12-2018	6	1,5551	6	1,6024	1,5	1,4498	1,4	0,4443	1,93	0,6751
03-01-2019	6	1,8064	6	1,8842	1,5	1,6482	1,4	0,5108	1,93	0,7762
10-01-2019	6	1,7712	6	1,8493	1,5	1,6237	1,4	0,5343	1,93	0,8119
17-01-2019	6	1,5737	6	1,6154	1,5	1,2282	1,4	0,3956	1,93	0,6011
24-01-2019	6	1,3404	6	1,3022	1,5	0,9153	1,4	0,193	1,93	0,2933
31-01-2019	6	1,1328	6	1,0163	1,5	0,7082	1,4	0	1,93	0
07-02-2019	6	1,1499	6	1,0096	1,5	0,6173	1,4	0	1,93	0
14-02-2019	6	1,0512	6	0,9138	1,5	0,621	1,4	0	1,93	0
21-02-2019	6	0,5475	6	0,4481	1,5	0,2869	1,4	0,0314	1,93	0,0477
28-02-2019	6	0,0943	6	0,1015	1,5	0	1,4	0	1,93	0
07-03-2019	6	0	6	0	1,5	0	1,4	-0,0174	1,93	-0,0264
14-03-2019	6	-0,0848	6	-0,2318	1,5	0	1,4	0	1,93	0
21-03-2019	6	-0,3511	6	-0,6601	1,5	0	1,4	0	1,93	0
28-03-2019	6	-0,5583	6	-0,9138	1,5	0	1,4	0	1,93	0
04-04-2019	6	-0,5829	6	-0,9003	1,5	-0,1018	1,4	0	1,93	0
11-04-2019	6	-0,4102	6	-0,6253	1,5	0	1,4	0,025	1,93	0,038
18-04-2019	6	-0,4632	6	-0,5556	1,5	0	1,4	0	1,93	0
25-04-2019	6	-0,4553	6	-0,5281	1,5	0	1,4	0	1,93	0
02-05-2019	6	-0,4711	6	-0,5589	1,5	-0,0747	1,4	0	1,93	0
09-05-2019	6	-0,4261	6	-0,519	1,5	-0,0586	1,4	0	1,93	0
16-05-2019	6	-0,0926	6	-0,1254	1,5	0	1,4	0	1,93	0
23-05-2019	6	0	6	0	1,5	-0,0239	1,4	0	1,93	0
30-05-2019	6	0	6	0	1,5	0	1,4	0	1,93	0
06-06-2019	6	0	6	0	1,5	0,0587	1,4	0,0041	1,93	0,0062
13-06-2019	6	0,4104	6	0,3396	1,5	0,6248	1,4	0,3185	1,93	0,484
20-06-2019	6	0,6117	6	0,4518	1,5	0,787	1,4	0,4523	1,93	0,6873
27-06-2019	6	0,5225	6	0,3348	1,5	0,6152	1,4	0,4428	1,93	0,6728
04-07-2019	6	0,168	6	0	1,5	0,3306	1,4	0,2871	1,93	0,4362
11-07-2019	6	-0,113	6	-0,3235	1,5	0,0443	1,4	0,1126	1,93	0,1711
18-07-2019	6	-0,3024	6	-0,523	1,5	0	1,4	0	1,93	0
25-07-2019	6	-0,0061	6	-0,1992	1,5	0	1,4	0	1,93	0
01-08-2019	6	0,0625	6	0	1,5	0	1,4	0	1,93	0
08-08-2019	6	0	6	-0,0176	1,5	-0,075	1,4	0	1,93	0
15-08-2019	6	0	6	0	1,5	0	1,4	0	1,93	0
22-08-2019	6	0,2286	6	0,2693	1,5	0,1084	1,4	0,0386	1,93	0,0587
29-08-2019	6	0,0539	6	0,179	1,5	0	1,4	-0,125	1,93	-0,1899
05-09-2019	6	0	6	0	1,5	-0,0137	1,4	-0,1161	1,93	-0,1764
12-09-2019	6	0	6	0	1,5	0	1,4	0	1,93	0
19-09-2019	6	0	6	0	1,5	0	1,4	0	1,93	0
26-09-2019	6	-0,2179	6	-0,232	1,5	-0,1644	1,4	-0,1219	1,93	-0,1852
03-10-2019	6	-0,3515	6	-0,5184	1,5	-0,3017	1,4	-0,1409	1,93	-0,2141
10-10-2019	6	0	6	-0,3005	1,5	0	1,4	0	1,93	0
17-10-2019	6	0	6	-0,076	1,5	0	1,4	0	1,93	0
24-10-2019	6	0	6	0	1,5	0	1,4	0	1,93	0
31-10-2019	6	0	6	0	1,5	0	1,4	0	1,93	0
07-11-2019	6	0	6	0	1,5	0	1,4	0	1,93	0
14-11-2019	6	0	6	0	1,5	0	1,4	0	1,93	0
21-11-2019	6	-0,7311	6	-0,842	1,5	-0,6583	1,4	-0,6401	1,93	-0,9726
28-11-2019	6	-0,7452	6	-0,6394	1,5	-0,5202	1,4	-0,5989	1,93	-0,91
05-12-2019	6	-1,0174	6	-0,9288	1,5	-0,6951	1,4	-0,6295	1,93	-0,9565
12-12-2019	6	-0,5325	6	-0,4336	1,5	-0,4617	1,4	-0,3525	1,93	-0,5356
19-12-2019	6	-0,0301	6	0	1,5	-0,0722	1,4	-0,0983	1,93	-0,1494
26-12-2019	6	0	6	0,015	1,5	-0,0093	1,4	-0,0789	1,93	-0,1199
02-01-2020	6	-0,1249	6	-0,1484	1,5	-0,0664	1,4	0	1,93	0
09-01-2020	6	-0,2873	6	-0,4841	1,5	-0,1142	1,4	0	1,93	0
16-01-2020	6	-0,3201	6	-0,5763	1,5	-0,1166	1,4	0	1,93	0
23-01-2020	6	-0,0701	6	-0,2247	1,5	0,0814	1,4	0	1,93	0
30-01-2020	6	0,0949	6	0	1,5	0,3974	1,4	-0,0554	1,93	-0,0842
06-02-2020	6	0,225	6	0,1145	1,5	0,5908	1,4	0	1,93	0
13-02-2020	6	0,5825	6	0,4709	1,5	1,069	1,4	0,0787	1,93	0,1196
20-02-2020	6	0,3881	6	0,2796	1,5	1,0973	1,4	0	1,93	0
27-02-2020	6	-0,0787	6	-0,1707	1,5	0,7517	1,4	0	1,93	0
05-03-2020	6	-0,1336	6	-0,1558	1,5	0,6694	1,4	-0,1361	1,93	-0,2068
12-03-2020	6	0,1055	6	0,1129	1,5	0,7548	1,4	-0,1664	1,93	-0,2528
19-03-2020	6	0,8648	6	0,7958	1,5	0,8744	1,4	0	1,93	0
26-03-2020	6	3,1858	6	3,0323	1,5	1,9626	1,4	0,1256	1,93	0,1908
02-04-2020	6	4,4501	6	4,5429	1,5	2,604	1,4	0,2346	1,93	0,3565
09-04-2020	6	4,6611	6	4,8126	1,5	2,4824	1,4	0,185	1,93	0,2811
16-04-2020	6	4,2581	6	4,3583	1,5	2,6458	1,4	0,1598	1,93	0,2428
23-04-2020	6	3,8736	6	3,9611	1,5	2,7746	1,4	-0,0064	1,93	-0,0097
30-04-2020	6	3,7231	6	3,8288	1,5	3,0707	1,4	0	1,93	0
07-05-2020	6	3,2566	6	3,3927	1,5	3,2572	1,4	0,0286	1,93	0,0435
14-05-2020	6	2,7353	6	2,9113	1,5	3,3051	1,4	0	1,93	0
21-05-2020	6	2,6102	6	2,6943	1,5	3,1882	1,4	-0,0104	1,93	-0,0158
28-05-2020	6	2,2637	6	2,3076	1,5	2,8339	1,4	-0,0134	1,93	-0,0204
04-06-2020	6	1,9164	6	2,0669	1,5	2,419	1,4	0	1,93	0
11-06-2020	6	1,7508	6	2,0101	1,5	2,3255	1,4	0	1,93	0
18-06-2020	6	1,3096	6	1,5769	1,5	1,9139	1,4	-0,0833	1,93	-0,1266
25-06-2020	6	0,7996	6	1,1122	1,5	1,326	1,4	-0,0629	1,93	-0,0956
02-07-2020	6	0,4458	6	0,7577	1,5	0,9806	1,4	0	1,93	0
09-07-2020	6	0,3224	6	0,5833	1,5	0,8505	1,4	0,0632	1,93	0,096
16-07-2020	6	0,2108	6	0,5092	1,5	0,6849	1,4	0,0112	1,93	0,017
23-07-2020	6	0,0659	6	0,3543	1,5	0,4738	1,4	0	1,93	0
30-07-2020	6	0,0754	6	0,3675	1,5	0,3481	1,4	0	1,93	0
06-08-2020	6	0,0934	6	0,4408	1,5	0,3087	1,4	0	1,93	0
13-08-2020	6	0	6	0,3307	1,5	0,2236	1,4	-0,1119	1,93	-0,17
20-08-2020	6	-0,2173	6	0	1,5	0	1,4	-0,0662	1,93	-0,1006
27-08-2020	6	-0,3671	6	-0,1673	1,5	0	1,4	0	1,93	0
03-09-2020	6	-0,6607	6	-0,5226	1,5	-0,1903	1,4	0	1,93	0
10-09-2020	6	-0,3998	6	-0,3998	1,5	0,0138	1,4	0	1,93	0
17-09-2020	6	0	6	0,0031	1,5	0,3215	1,4	0,0579	1,93	0,088
24-09-2020	6	0,0773	6	0,0862	1,5	0,4568	1,4	0	1,93	0
01-10-2020	6	-0,0934	6	-0,1055	1,5	0,2001	1,4	0	1,93	0
08-10-2020	6	-0,0576	6	-0,0703	1,5	0,0167	1,4	0	1,93	0
15-10-2020	6	-0,1966	6	-0,2156	1,5	-0,1382	1,4	0	1,93	0
22-10-2020	6	-0,0281	6	-0,0345	1,5	-0,1586	1,4	0	1,93	0
29-10-2020	6	0,2862	6	0,3344	1,5	0	1,4	0	1,93	0
05-11-2020	6	0,4902	6	0,5326	1,5	0,0976	1,4	0	1,93	0
12-11-2020	6	0,6671	6	0,7548	1,5	0,0784	1,4	0	1,93	0
19-11-2020	6	0,3907	6	0,506	1,5	-0,0455	1,4	-0,0364	1,93	-0,0553
26-11-2020	6	0,0473	6	0,1462	1,5	-0,1856	1,4	0	1,93	0
03-12-2020	6	-0,112	6	-0,0873	1,5	-0,3747	1,4	0	1,93	0
10-12-2020	6	-0,2066	6	-0,2612	1,5	-0,4989	1,4	0	1,93	0
17-12-2020	6	0	6	0	1,5	-0,2842	1,4	0	1,93	0
24-12-2020	6	-0,0798	6	-0,1264	1,5	-0,3016	1,4	0	1,93	0
31-12-2020	6	-0,1144	6	-0,1601	1,5	-0,2846	1,4	-0,0726	1,93	-0,1103
07-01-2021	6	0	6	0	1,5	-0,1101	1,4	-0,1816	1,93	-0,2759
14-01-2021	6	-0,0771	6	-0,077	1,5	0	1,4	-0,5028	1,93	-0,764
21-01-2021	6	-0,6375	6	-0,6454	1,5	-0,3866	1,4	-0,9019	1,93	-1,3704
28-01-2021	6	-0,6675	6	-0,6717	1,5	-0,39	1,4	-0,7803	1,93	-1,1857
04-02-2021	6	-0,6877	6	-0,6937	1,5	-0,3011	1,4	-0,7669	1,93	-1,1653
11-02-2021	6	-0,7098	6	-0,6995	1,5	-0,3419	1,4	-0,649	1,93	-0,9862
18-02-2021	6	-0,7593	6	-0,7266	1,5	-0,5334	1,4	-0,2873	1,93	-0,4366
25-02-2021	6	-0,8818	6	-0,8723	1,5	-0,5536	1,4	-0,4202	1,93	-0,6385
04-03-2021	6	-1,3499	6	-1,4081	1,5	-0,728	1,4	-0,329	1,93	-0,4999
11-03-2021	6	-1,6215	6	-1,6852	1,5	-0,8989	1,4	-0,409	1,93	-0,6215
18-03-2021	6	-1,7668	6	-1,8157	1,5	-0,8853	1,4	-0,2023	1,93	-0,3074
25-03-2021	6	-1,6705	6	-1,7313	1,5	-0,7503	1,4	0	1,93	0
01-04-2021	6	-1,1232	6	-1,208	1,5	-0,2814	1,4	0	1,93	0
08-04-2021	6	-1,0184	6	-1,1187	1,5	-0,0269	1,4	0	1,93	0
15-04-2021	6	-0,8281	6	-0,9137	1,5	0	1,4	0	1,93	0
22-04-2021	6	-0,6306	6	-0,6976	1,5	0	1,4	0,1822	1,93	0,2769
29-04-2021	6	-0,5058	6	-0,5694	1,5	0	1,4	0,4855	1,93	0,7377
06-05-2021	6	-0,4915	6	-0,564	1,5	-0,0118	1,4	0,1867	1,93	0,2837
13-05-2021	6	-0,5578	6	-0,6277	1,5	-0,1016	1,4	0	1,93	0
20-05-2021	6	-0,6428	6	-0,7568	1,5	-0,2696	1,4	0	1,93	0
27-05-2021	6	-0,6195	6	-0,8143	1,5	-0,3074	1,4	-0,011	1,93	-0,0167
03-06-2021	6	-0,5934	6	-0,7716	1,5	-0,3072	1,4	0,0823	1,93	0,1251
10-06-2021	6	-0,4354	6	-0,5638	1,5	-0,1907	1,4	0	1,93	0
17-06-2021	6	-0,5166	6	-0,6661	1,5	-0,2561	1,4	-0,0862	1,93	-0,131
24-06-2021	6	-0,5088	6	-0,6793	1,5	-0,3166	1,4	-0,2696	1,93	-0,4097
01-07-2021	6	-0,7465	6	-0,9589	1,5	-0,4878	1,4	-0,2677	1,93	-0,4068
08-07-2021	6	-0,7931	6	-1,0485	1,5	-0,3646	1,4	-0,4418	1,93	-0,6713
15-07-2021	6	-0,933	6	-1,217	1,5	-0,373	1,4	-0,636	1,93	-0,9664
22-07-2021	6	-0,9409	6	-1,2174	1,5	-0,2845	1,4	-0,6955	1,93	-1,0568
29-07-2021	6	-0,7653	6	-1,041	1,5	-0,1104	1,4	-0,5554	1,93	-0,8439
05-08-2021	6	-1,4603	6	-1,5589	1,5	-0,1504	1,4	-0,4086	1,93	-0,6209
12-08-2021	6	-1,7746	6	-1,9268	1,5	-0,3933	1,4	-0,5527	1,93	-0,8398
19-08-2021	6	-1,8038	6	-1,9451	1,5	-0,2724	1,4	-0,5066	1,93	-0,7698
26-08-2021	6	-1,5837	6	-1,6631	1,5	-0,2059	1,4	-0,6629	1,93	-1,0073
02-09-2021	6	-1,3329	6	-1,3772	1,5	-0,0954	1,4	-0,5117	1,93	-0,7775
09-09-2021	6	-1,5061	6	-1,5545	1,5	-0,2319	1,4	-0,5101	1,93	-0,7751
16-09-2021	6	-1,6889	6	-1,8283	1,5	-0,4008	1,4	-0,7063	1,93	-1,0732
23-09-2021	6	-1,6184	6	-1,7977	1,5	-0,3502	1,4	-0,9465	1,93	-1,4382
30-09-2021	6	-1,426	6	-1,5981	1,5	-0,4758	1,4	-1,2603	1,93	-1,915
07-10-2021	6	-1,5449	6	-1,6804	1,5	-0,9567	1,4	-1,5858	1,93	-2,4096
14-10-2021	6	-2,1261	6	-2,237	1,5	-1,5958	1,4	-2,0002	1,93	-3,0393
21-10-2021	6	-2,6626	6	-2,7707	1,5	-2,0729	1,4	-1,9679	1,93	-2,9902
28-10-2021	6	-2,7683	6	-2,8752	1,5	-2,0856	1,4	-1,6518	1,93	-2,5099
04-11-2021	6	-2,6993	6	-2,8123	1,5	-1,8169	1,4	-1,3539	1,93	-2,0573
11-11-2021	6	-2,6709	6	-2,8037	1,5	-1,7455	1,4	-1,054	1,93	-1,6016
18-11-2021	6	-2,0264	6	-2,1861	1,5	-1,2912	1,4	-0,9956	1,93	-1,5128
25-11-2021	6	-1,9863	6	-2,1927	1,5	-1,2638	1,4	-0,6393	1,93	-0,9714
02-12-2021	6	-1,8278	6	-2,0149	1,5	-0,8603	1,4	-0,3492	1,93	-0,5306
09-12-2021	6	-1,1843	6	-1,4517	1,5	-0,2294	1,4	-0,1071	1,93	-0,1627
16-12-2021	6	-1,0381	6	-1,214	1,5	-0,099	1,4	0,0174	1,93	0,0264
23-12-2021	6	-1,3704	6	-1,5005	1,5	-0,4724	1,4	-0,0235	1,93	-0,0357
30-12-2021	6	-1,4534	6	-1,5777	1,5	-0,5661	1,4	0	1,93	0
06-01-2022	6	-1,5666	6	-1,6858	1,5	-0,6091	1,4	0	1,93	0
13-01-2022	6	-1,7089	6	-1,8467	1,5	-0,7209	1,4	0	1,93	0
20-01-2022	6	-1,6684	6	-1,8341	1,5	-0,786	1,4	0	1,93	0
27-01-2022	6	-1,7253	6	-1,8758	1,5	-0,9806	1,4	0	1,93	0
03-02-2022	6	-1,8262	6	-1,944	1,5	-1,0179	1,4	0	1,93	0
10-02-2022	6	-2,1385	6	-2,2659	1,5	-1,2478	1,4	-0,3981	1,93	-0,6049
17-02-2022	6	-2,7498	6	-2,8868	1,5	-1,7773	1,4	-0,2267	1,93	-0,3445
24-02-2022	6	-2,6	6	-2,7338	1,5	-1,5653	1,4	0	1,93	0
03-03-2022	6	-2,5783	6	-2,7388	1,5	-1,4383	1,4	-0,2824	1,93	-0,4291
10-03-2022	6	-3,6453	6	-3,8868	1,5	-3,0443	1,4	-0,8777	1,93	-1,3337
17-03-2022	6	-4,8129	6	-5,0795	1,5	-5,0887	1,4	-1,0356	1,93	-1,5736
24-03-2022	6	-4,3706	6	-4,6286	1,5	-4,6563	1,4	-0,4484	1,93	-0,6813
31-03-2022	6	-3,996	6	-4,2483	1,5	-4,5999	1,4	0	1,93	0
07-04-2022	6	-3,766	6	-4,0158	1,5	-4,8531	1,4	-0,1807	1,93	-0,2746
14-04-2022	6	-3,5524	6	-3,8636	1,5	-4,4971	1,4	-0,1448	1,93	-0,22
21-04-2022	6	-4,075	6	-4,5938	1,5	-5,3315	1,4	0,0078	1,93	0,0119
28-04-2022	6	-4,2951	6	-4,9319	1,5	-6,0181	1,4	-0,1303	1,93	-0,198
05-05-2022	6	-4,8923	6	-5,4669	1,5	-7,4207	1,4	0	1,93	0
12-05-2022	6	-5,9694	6	-6,5881	1,5	-8,4519	1,4	0	1,93	0
19-05-2022	6	-7,2693	6	-7,9583	1,5	-7,8921	1,4	0,0361	1,93	0,0549
26-05-2022	6	-7,2266	6	-8,1428	1,5	-5,7785	1,4	0,2878	1,93	0,4373
02-06-2022	6	-6,8911	6	-7,9519	1,5	-4,9151	1,4	0,2328	1,93	0,3537
09-06-2022	6	-7,4048	6	-8,4003	1,5	-5,7137	1,4	0,3108	1,93	0,4723
16-06-2022	6	-8,5694	6	-9,7652	1,5	-7,131	1,4	0,0413	1,93	0,0628
23-06-2022	6	-8,734	6	-10,6092	1,5	-8,4811	1,4	0,09	1,93	0,1368
30-06-2022	6	-8,3364	6	-10,2532	1,5	-8,6274	1,4	0,0045	1,93	0,0068
07-07-2022	6	-8,6104	6	-10,2406	1,5	-8,4749	1,4	0	1,93	0
14-07-2022	6	-8,1246	6	-9,5724	1,5	-7,456	1,4	-0,2604	1,93	-0,3957
21-07-2022	6	-6,9312	6	-8,3082	1,5	-7,3902	1,4	0,1735	1,93	0,2636
28-07-2022	6	-4,2792	6	-5,5182	1,5	-5,2296	1,4	0,2371	1,93	0,3603
04-08-2022	6	-3,5768	6	-4,7725	1,5	-4,5242	1,4	0,4071	1,93	0,6186
11-08-2022	6	-2,4146	6	-3,5877	1,5	-3,6765	1,4	0,2994	1,93	0,4549
18-08-2022	6	-1,4997	6	-2,5174	1,5	-2,7139	1,4	0,4706	1,93	0,7151
25-08-2022	6	-1,0291	6	-1,7977	1,5	-2,6698	1,4	0	1,93	0
01-09-2022	6	-0,9361	6	-1,5564	1,5	-3,9348	1,4	0,1088	1,93	0,1653
08-09-2022	6	-0,0832	6	-0,6293	1,5	-3,3949	1,4	0,0239	1,93	0,0363
15-09-2022	6	0,2729	6	-0,3167	1,5	-2,3692	1,4	0	1,93	0
22-09-2022	6	-0,0783	6	-0,9493	1,5	-1,9127	1,4	0	1,93	0
29-09-2022	6	-0,935	6	-1,9373	1,5	-2,0858	1,4	-0,034	1,93	-0,0517
06-10-2022	6	-1,7125	6	-2,6044	1,5	-2,534	1,4	0,4617	1,93	0,7016
13-10-2022	6	-2,1019	6	-2,6995	1,5	-2,9814	1,4	0,5666	1,93	0,8609
20-10-2022	6	-2,4615	6	-2,8542	1,5	-4,5722	1,4	0,297	1,93	0,4513
27-10-2022	6	-2,5491	6	-3,0796	1,5	-5,3123	1,4	0,2748	1,93	0,4176
03-11-2022	6	-2,2452	6	-2,9015	1,5	-3,8952	1,4	0,23	1,93	0,3495
10-11-2022	6	-1,601	6	-2,2214	1,5	-3,0105	1,4	-1,5105	1,93	0,114
17-11-2022	6	-0,4296	6	-0,8431	1,5	-1,6135	1,4	0	1,93	0
24-11-2022	6	0,0667	6	-0,2218	1,5	-0,7349	1,4	-0,1027	1,93	-0,1561
01-12-2022	6	0,25	6	0	1,5	-0,5092	1,4	0,0099	1,93	0,015
08-12-2022	6	1,1437	6	1,2389	1,5	0,69	1,4	0,3264	1,93	0,496
15-12-2022	6	1,7316	6	1,9651	1,5	1,6425	1,4	0,6503	1,93	0,9881
22-12-2022	6	2,129	6	2,5212	1,5	1,8944	1,4	0,5514	1,93	0,8379
29-12-2022	6	1,6266	6	2,0718	1,5	1,2998	1,4	0,5097	1,93	0,7745
05-01-2023	6	0,8381	6	1,2545	1,5	0,91	1,4	0,6768	1,93	1,0284
12-01-2023	6	0,5826	6	0,88	1,5	1,1125	1,4	0,491	1,93	0,7461
19-01-2023	6	0,8225	6	1,0026	1,5	1,7603	1,4	0,2826	1,93	0,4294
26-01-2023	6	0	6	0,091	1,5	0,9431	1,4	0	1,93	0
02-02-2023	6	-0,393	6	-0,2829	1,5	0,8795	1,4	-0,4806	1,93	-0,7303
09-02-2023	6	0,1438	6	0,2554	1,5	1,9054	1,4	-0,4662	1,93	-0,7084
16-02-2023	6	0	6	0,0987	1,5	2,2633	1,4	-0,0292	1,93	-0,0444
23-02-2023	6	-0,2101	6	-0,1034	1,5	2,3474	1,4	0,0158	1,93	0,024
02-03-2023	6	-0,1002	6	0,0078	1,5	2,3642	1,4	-0,2322	1,93	-0,3528
09-03-2023	6	0	6	0	1,5	1,6968	1,4	0	1,93	0
16-03-2023	6	-0,1103	6	-0,0412	1,5	1,8561	1,4	-0,0244	1,93	-0,0371
23-03-2023	6	-0,1491	6	-0,0544	1,5	1,9865	1,4	0,1145	1,93	0,174
30-03-2023	6	0,1191	6	0,1146	1,5	2,0406	1,4	0,5063	1,93	0,7693
06-04-2023	6	0,213	6	0,1767	1,5	2,3814	1,4	0,4522	1,93	0,6871
13-04-2023	6	-0,4058	6	-0,5814	1,5	2,1518	1,4	0,1863	1,93	0,2831
20-04-2023	6	-0,6069	6	-0,9777	1,5	1,8753	1,4	0,1715	1,93	0,2606
27-04-2023	6	-0,1183	6	-0,6063	1,5	2,4166	1,4	0,1256	1,93	0,1908
04-05-2023	6	0,5904	6	0,2028	1,5	2,9022	1,4	0,3051	1,93	0,4636
11-05-2023	6	0,7492	6	0,6008	1,5	3,1485	1,4	0,2308	1,93	0,3507
18-05-2023	6	0,9915	6	0,9722	1,5	3,3797	1,4	0,4976	1,93	0,7561
25-05-2023	6	0,7807	6	0,7725	1,5	3,226	1,4	0,4697	1,93	0,7137
01-06-2023	6	0	6	0	1,5	2,7888	1,4	0,5172	1,93	0,7859
08-06-2023	6	0,007	6	0,0079	1,5	2,9005	1,4	0,6486	1,93	0,9855
15-06-2023	6	0,238	6	0,2514	1,5	3,082	1,4	0,6785	1,93	1,031
22-06-2023	6	0	6	0	1,5	2,5809	1,4	0,344	1,93	0,5227
29-06-2023	6	0,1389	6	-0,0276	1,5	2,4173	1,4	0,3622	1,93	0,5504
06-07-2023	6	0,1559	6	-0,0237	1,5	2,2633	1,4	0,4372	1,93	0,6643
13-07-2023	6	0	6	0	1,5	2,0128	1,4	0	1,93	0
20-07-2023	6	-0,6118	6	-0,6262	1,5	1,5228	1,4	-0,2323	1,93	-0,353
27-07-2023	6	-1,1043	6	-1,1249	1,5	1,1828	1,4	-0,4641	1,93	-0,7052
03-08-2023	6	-1,5341	6	-1,5625	1,5	0,1814	1,4	-0,1546	1,93	-0,2349
10-08-2023	6	-2,2366	6	-2,2804	1,5	-1,0096	1,4	-0,397	1,93	-0,6032
17-08-2023	6	-2,5617	6	-2,6116	1,5	-1,8145	1,4	-0,4946	1,93	-0,7515
24-08-2023	6	-2,5403	6	-2,6155	1,5	-1,8842	1,4	0	1,93	0
31-08-2023	6	-2,4243	6	-2,6168	1,5	-2,0545	1,4	0,2013	1,93	0,3059
07-09-2023	6	-2,1636	6	-2,3703	1,5	-2,004	1,4	-0,1406	1,93	-0,2136
14-09-2023	6	-2,0333	6	-2,067	1,5	-2,2388	1,4	-0,0304	1,93	-0,0462
21-09-2023	6	-2,5973	6	-2,5039	1,5	-3,0612	1,4	-0,4087	1,93	-0,621
28-09-2023	6	-2,3632	6	-2,2621	1,5	-3,0391	1,4	-0,5999	1,93	-0,9115
05-10-2023	6	-1,783	6	-1,6935	1,5	-2,9583	1,4	-0,0478	1,93	-0,0726
12-10-2023	6	-1,1426	6	-1,1988	1,5	-2,718	1,4	0,0098	1,93	0,0149
19-10-2023	6	-0,4293	6	-0,516	1,5	-2,558	1,4	-0,0354	1,93	-0,0538
26-10-2023	6	0	6	0	1,5	-2,4353	1,4	0	1,93	0
02-11-2023	6	0,0817	6	0,0534	1,5	-2,1193	1,4	0,1941	1,93	0,2949
09-11-2023	6	0,9409	6	0,9287	1,5	-1,1814	1,4	0,3351	1,93	0,5092
16-11-2023	6	0,8468	6	0,8447	1,5	-0,3513	1,4	0	1,93	0
23-11-2023	6	0,8009	6	0,8006	1,5	-0,0705	1,4	0,3395	1,93	0,5159
30-11-2023	6	0,9182	6	0,9627	1,5	0,1542	1,4	0,2758	1,93	0,4191
07-12-2023	6	0,3567	6	0,4488	1,5	0,1017	1,4	0,0177	1,93	0,0269
14-12-2023	6	0,805	6	0,9054	1,5	0,6878	1,4	-0,1649	1,93	-0,2506
21-12-2023	6	1,382	6	1,5701	1,5	1,2415	1,4	-0,0503	1,93	-0,0764
28-12-2023	6	0,6623	6	0,8668	1,5	0,7665	1,4	0	1,93	0
04-01-2024	6	0,0556	6	0,1406	1,5	0,3548	1,4	-0,0458	1,93	-0,0696
11-01-2024	6	0,2358	6	0,2717	1,5	0,6272	1,4	-0,0458	1,93	-0,0696
18-01-2024	6	0	6	0	1,5	0	1,4	0	1,93	0
25-01-2024	6	-0,3043	6	-0,3532	1,5	-0,3121	1,4	0,0006	1,93	0,0009
01-02-2024	6	-0,6292	6	-0,6968	1,5	-0,5365	1,4	-0,3457	1,93	-0,5253
08-02-2024	6	-0,6823	6	-0,7238	1,5	-0,901	1,4	0	1,93	0
15-02-2024	6	-1,0757	6	-1,0919	1,5	-1,5649	1,4	-0,0006	1,93	-0,0009
22-02-2024	6	-1,6661	6	-1,6722	1,5	-2,1181	1,4	-0,0006	1,93	-0,0009
